# generated by PrusaSlicer 2.2.0+win64 on 2020-09-16 at 06:54:03 UTC
bed_shape = 104.6x9.15135,103.405x18.2331,101.422x27.176,98.6677x35.9121,95.1623x44.3749,90.9327x52.5,86.011x60.2255,80.4347x67.4927,74.2462x74.2462,67.4927x80.4347,60.2255x86.011,52.5x90.9327,44.3749x95.1623,35.9121x98.6677,27.176x101.422,18.2331x103.405,9.15135x104.6,6.4294e-15x105,-9.15135x104.6,-18.2331x103.405,-27.176x101.422,-35.9121x98.6677,-44.3749x95.1623,-52.5x90.9327,-60.2255x86.011,-67.4927x80.4347,-74.2462x74.2462,-80.4347x67.4927,-86.011x60.2255,-90.9327x52.5,-95.1623x44.3749,-98.6677x35.9121,-101.422x27.176,-103.405x18.2331,-104.6x9.15135,-105x1.28588e-14,-104.6x-9.15135,-103.405x-18.2331,-101.422x-27.176,-98.6677x-35.9121,-95.1623x-44.3749,-90.9327x-52.5,-86.011x-60.2255,-80.4347x-67.4927,-74.2462x-74.2462,-67.4927x-80.4347,-60.2255x-86.011,-52.5x-90.9327,-44.3749x-95.1623,-35.9121x-98.6677,-27.176x-101.422,-18.2331x-103.405,-9.15135x-104.6,-1.92882e-14x-105,9.15135x-104.6,18.2331x-103.405,27.176x-101.422,35.9121x-98.6677,44.3749x-95.1623,52.5x-90.9327,60.2255x-86.011,67.4927x-80.4347,74.2462x-74.2462,80.4347x-67.4927,86.011x-60.2255,90.9327x-52.5,95.1623x-44.3749,98.6677x-35.9121,101.422x-27.176,103.405x-18.2331,104.6x-9.15135,105x-2.57176e-14
before_layer_gcode =
between_objects_gcode =
cooling_tube_length = 5
cooling_tube_retraction = 91.5
default_filament_profile = ""
default_print_profile =
deretract_speed = 0
end_gcode = M221 T0 S100\nM104 S0\nM140 S0\nM107\nG91\nG1 E-1 F300\nG1 Z+0.5 E-5 Y-20 F9000.00\nG28 X0 U0\nM84\nG90
extra_loading_move = -2
extruder_colour = ""
extruder_offset = 0x0
gcode_flavor = marlin
high_current_on_filament_swap = 0
host_type = octoprint
inherits =
layer_gcode =
machine_max_acceleration_e = 10000,5000
machine_max_acceleration_extruding = 1500,1250
machine_max_acceleration_retracting = 1500,1250
machine_max_acceleration_x = 9000,1000
machine_max_acceleration_y = 9000,1000
machine_max_acceleration_z = 500,200
machine_max_feedrate_e = 120,120
machine_max_feedrate_x = 500,200
machine_max_feedrate_y = 500,200
machine_max_feedrate_z = 12,12
machine_max_jerk_e = 2.5,2.5
machine_max_jerk_x = 10,10
machine_max_jerk_y = 10,10
machine_max_jerk_z = 0.2,0.4
machine_min_extruding_rate = 0,0
machine_min_travel_rate = 0,0
max_layer_height = 0
max_print_height = 180
min_layer_height = 0.07
nozzle_diameter = 0.4
parking_pos_retraction = 92
print_host =
printer_model =
printer_notes =
printer_settings_id =
printer_technology = FFF
printer_variant =
printer_vendor =
printhost_apikey =
printhost_cafile =
remaining_times = 0
retract_before_travel = 2
retract_before_wipe = 0%
retract_layer_change = 0
retract_length = 3
retract_length_toolchange = 10
retract_lift = 0
retract_lift_above = 0
retract_lift_below = 0
retract_restart_extra = 0
retract_restart_extra_toolchange = 0
retract_speed = 40
serial_port =
serial_speed = 250000
silent_mode = 0
single_extruder_multi_material = 0
start_gcode = G28 		 	; home all axes\nG1 Z15.0 F5000\nG92 E0\nG1 X-98 Y0 Z0.4 F3000\nG3 X0 Y-98 I98 Z0.4 E40 F400\nG92 E0
thumbnails =
toolchange_gcode =
use_firmware_retraction = 0
use_relative_e_distances = 0
use_volumetric_e = 0
variable_layer_height = 1
wipe = 0
z_offset = 0
